19
181.3
74.5
M
23
169.7
61.8
F
35
177.2
73.4
M
29
164.5
59.6
F
27
182.8
80.7
M
32
166.2
60.9
F
24
179.5
10.0
M
30
170.8
65.1
F
25
185.4
85.6
M
34
162.7
58.3
F
22
180.9
78.0
M
28
168.4
5.0
F
40
176.1
72.5
M
36
165.3
61.9
F
21
182.6
79.1
M
26
161.8
59.2
F
39
178.3
75.7
M
33
169.5
63.5
F
45
183.8
84.2
M
31
167.4
5.0
F
23
185.9
86.5
M
37
160.9
58.1
F
29
180.6
76.9
M
35
164.2
62.0
F
27
178.4
74.3
M
25
170.6
63.4
F
20
183.2
80.9
M
32
165.0
61.2
F
28
179.1
73.8
M
40
167.9
64.1
F
26
185.7
86.0
M
33
161.3
59.0
F
30
177.4
72.6
M
38
164.8
62.5
F
24
182.1
78.4
M
35
166.9
63.2
F
22
184.5
81.2
M
34
160.5
58.8
F
31
180.3
75.5
M
28
169.3
62.8
F
25
186.0
84.9
M
41
162.6
60.6
F
27
178.8
73.0
M
30
165.7
61.4
F
23
182.9
79.8
M
36
160.8
59.1
F
29
181.4
77.1
M
32
166.5
62.3
F
21
185.2
83.7
M
39
164.0
63.8
F
26
179.0
74.1
M
34
169.9
65.5
F
24
183.5
80.6
M
37
161.6
59.3
F
28
186.3
87.5
M
35
162.9
61.0
F
31
180.8
76.2
M
33
160.7
58.2
F
19
182.0
78.9
M
29
167.2
63.0
F
25
184.6
82.1
M
38
165.8
60.8
F
22
186.2
85.9
M
30
161.0
59.9
F
27
178.6
74.8
M
36
164.4
62.6
F
23
183.3
80.4
M
32
168.6
64.0
F
40
179.8
75.8
M
34
165.1
61.7
F
26
181.2
78.0
M
33
163.0
60.2
F
21
185.8
83.2
M
37
160.9
58.9
F
28
180.4
77.7
M
31
166.8
62.4
F
25
184.1
81.6
M
39
162.1
60.8
F
24
182.7
79.3
M
30
169.2
63.3
F
22
185.5
84.5
M
35
160.6
59.4
F
27
179.3
76.0
M
33
168.1
63.9
F
29
182.4
80.8
M
38
164.7
62.1
F
20
184.9
82.7
M
32
161.4
60.5
F
23
180.1
76.3
M
37
166.0
61.9
F
26
183.9
79.5
M
31
162.8
59.7
F
19
185.7
84.1
M
34
165.9
61.3
F
34
165.9
61.3
F
34
165.9
61.3
M
34
165.9
61.3
F
34
165.9
61.3
F
34
165.9
61.3
F
34
165.9
61.3
F
